
Assignment_1_Answers

Results:
1) 3
2) 3
   nil
3) 3nil
4) 3.5
5) 3.5
6) 3.5
7) 3.5
8) 16
9) :get_character
10) "oicdlcwhejkeenoemrstuo"
11) "l"
12) "h"
13) "c"
14) [
    [0] "l",
    [1] "h"
    ]
15) [
    [0] "l",
    [1] "h",
    [2] "h"
    ]
16) "h"
17) [
    [0] "l",
    [1] "h",
    [2] "c"
    ]
18) [
    [0] "l",
    [1] "h",
    [2] "c"
    ]
19) l
    h
    c
    nil
20) ["l", "h", "c"]nil
21) 1.0
22) -1.0
23) 0.0
24) 0
25) 4.0
26) -5.0
27) 5.0
28) 8
29) 24
30) -1.0
31) [
    [0] 4.0,
    [1] 5.0,
    [2] -1.0,
    [3] 24
    ]
32)
    [
    [0] 4.0,
    [1] 5.0,
    [2] -1.0,
    [3] 24,
    [4] 16
    ]
33)
  [
    [0] 8,
    [1] 4.0,
    [2] 5.0,
    [3] -1.0,
    [4] 24,
    [5] 16
  ]
34)
   [
    [0] 8,
    [1] 4.0,
    [2] 5.0,
    [3] -1.0,
    [4] 24,
    [5] 16,
    [6] 8
  ]
35)
  [
    [0] 6.0,
    [1] 8,
    [2] 4.0,
    [3] 5.0,
    [4] -1.0,
    [5] 24,
    [6] 16,
    [7] 8
  ]
36) 24
37) [
    [0] 6.0,
    [1] 8,
    [2] 4.0,
    [3] 5.0,
    [4] -1.0,
    [5] 16,
    [6] 8,
    [7] [
        [0] 19,
        [1] 21,
        [2] 6,
        [3] 3,
        [4] 1
        ]
    ]
38) [
    [ 0] 6.0,
    [ 1] 8,
    [ 2] 4.0,
    [ 3] 5.0,
    [ 4] -1.0,
    [ 5] 16,
    [ 6] 8,
    [ 7] 19,
    [ 8] 21,
    [ 9] 6,
    [10] 3,
    [11] 1
    ]
39)
    w
    e
    l
    c
    o
    m
    e
    t
    o
    w
    d
    i
    [
        [ 0] 6.0,
        [ 1] 8,
        [ 2] 4.0,
        [ 3] 5.0,
        [ 4] -1.0,
        [ 5] 16,
        [ 6] 8,
        [ 7] 19,
        [ 8] 21,
        [ 9] 6,
        [10] 3,
        [11] 1
    ]


- Name: Trinity Montoya
- Github Handle: trinityXmontoya
- Favorite Food: clam chowder
- Spirit Animal: fox
- Favorite Song: Blood Bank by Bon Iver
