Name: Dave Miller
Github Handle: davidmiller11
Favorite Food: Yellow Curry
Spirit Animal: The Spotted Owl
Favorite Song: Mo Money Mo Problems

3

3
nil

3nil

3.5

3.5

3.5

3.5

16

:get_character

"oicdlcwhejkeenoemrstuo"

"l"

"h"

"c"

[
  [0] "l",
  [1] "h"
]

[
  [0] "l",
  [1] "h",
  [2] "h"
]

"h"

[
  [0] "l",
  [1] "h",
  [2] "c"
]

[
  [0] "l",
  [1] "h",
  [2] "c"
]

l
h
c
nil

["l", "h", "c"]nil

1.0

-1.0

0.0

0

4.0

-5.0

5.0

8

24

-1.0

[
    [0] 4.0,
    [1] 5.0,
    [2] -1.0,
    [3] 24
]

[
    [0] 4.0,
    [1] 5.0,
    [2] -1.0,
    [3] 24,
    [4] 16
]

[
    [0] 8,
    [1] 4.0,
    [2] 5.0,
    [3] -1.0,
    [4] 24,
    [5] 16
]

[
    [0] 8,
    [1] 4.0,
    [2] 5.0,
    [3] -1.0,
    [4] 24,
    [5] 16,
    [6] 8
]

[
    [0] 6.0,
    [1] 8,
    [2] 4.0,
    [3] 5.0,
    [4] -1.0,
    [5] 24,
    [6] 16,
    [7] 8
]

24

[
    [0] 6.0,
    [1] 8,
    [2] 4.0,
    [3] 5.0,
    [4] -1.0,
    [5] 16,
    [6] 8,
    [7] [
        [0] 19,
        [1] 21,
        [2] 6,
        [3] 3,
        [4] 1
    ]
]

[
    [ 0] 6.0,
    [ 1] 8,
    [ 2] 4.0,
    [ 3] 5.0,
    [ 4] -1.0,
    [ 5] 16,
    [ 6] 8,
    [ 7] 19,
    [ 8] 21,
    [ 9] 6,
    [10] 3,
    [11] 1
]

w
e
l
c
o
m
e
t
o
w
d
i
[
    [ 0] 6.0,
    [ 1] 8,
    [ 2] 4.0,
    [ 3] 5.0,
    [ 4] -1.0,
    [ 5] 16,
    [ 6] 8,
    [ 7] 19,
    [ 8] 21,
    [ 9] 6,
    [10] 3,
    [11] 1
]
