Name: Spencer Stebbins
Github Handle: sjstebbins
Favorite Food: Lobster Bisque
Spirit Animal: Lion
Favorite Song: Your Song

HW answers next to (line number in Sublime)

12

19)3

21)3
nil

23)3nil

25)3.5

27)3.5

29)3.5

31)3.5

33)16

37):get_character

42)”oicdlcwhejkeenoemrstuo"

46)l

48)h

50)c

54)
[
	[0] “l”,
	[1] “h”

]

56)
[
    [0] "l",
    [1] "h",
    [2] "h"
]

58)”h”

60)
[
    [0] "l",
    [1] "h",
    [2] "c"
]

64)
[
    [0] "l",
    [1] "h",
    [2] "c",
    [3] "c",
    [4] "c"
]


66)
l
h
c
c
c
nil

68)["l", "h", "c", "c", "c"]nil

72)1.0

74)-1.0

78)0.0

80)0

84)4.0

86)-5.0

88)5.0

90)8

92)24

94)-1.0

98)
[
    [0] 4.0,
    [1] 5.0,
    [2] -1.0,
    [3] 24
]

100)
[
    [0] 4.0,
    [1] 5.0,
    [2] -1.0,
    [3] 24,
    [4] 16
]

102)
[
    [0] 8,
    [1] 4.0,
    [2] 5.0,
    [3] -1.0,
    [4] 24,
    [5] 16
]

104)
[
    [0] 8,
    [1] 4.0,
    [2] 5.0,
    [3] -1.0,
    [4] 24,
    [5] 16,
    [6] 8
]

106)
[
    [0] 6.0,
    [1] 8,
    [2] 4.0,
    [3] 5.0,
    [4] -1.0,
    [5] 24,
    [6] 16,
    [7] 8
]

108)24

112)
[
    [0] 6.0,
    [1] 8,
    [2] 4.0,
    [3] 5.0,
    [4] -1.0,
    [5] 16,
    [6] 8,
    [7] [
        [0] 19,
        [1] 21,
        [2] 6,
        [3] 3,
        [4] 1
    ]
]

114)
[
    [ 0] 6.0,
    [ 1] 8,
    [ 2] 4.0,
    [ 3] 5.0,
    [ 4] -1.0,
    [ 5] 16,
    [ 6] 8,
    [ 7] 19,
    [ 8] 21,
    [ 9] 6,
    [10] 3,
    [11] 1
]

117)
w
e
l
c
o
m
e
t
o
w
d
i
[
    [ 0] 6.0,
    [ 1] 8,
    [ 2] 4.0,
    [ 3] 5.0,
    [ 4] -1.0,
    [ 5] 16,
    [ 6] 8,
    [ 7] 19,
    [ 8] 21,
    [ 9] 6,
    [10] 3,
    [11] 1
]